t	full_phy_ne_meanlog	full_phy_ne_sdlog	non_BMR_phy_ne_meanlog	non_BMR_phy_ne_sdlog	diff_ne_median	diff_ne_CI_lb	diff_ne_CI_ub
2019.92959933192	3.79911908162096	0.0599223899105916	3.01207376190811	0.0329459194164888	24.3478540411845	19.1009646778201	29.946574997877
2019.94879904698	3.82076466750614	0.0584767430167696	3.09421438853585	0.0328895482471943	23.5923855669871	18.2760636301679	29.1385230713979
2019.96799876205	3.85182742017712	0.0570545219047911	3.1610200934757	0.0328592630689026	23.4789872002791	18.040794615706	29.0696927281359
2019.98719847711	3.90677742091232	0.0556948474472844	3.13531130680889	0.0328715110022791	26.7559450128262	21.2499634693934	32.5357480295391
2020.00639819218	3.9150920286692	0.0544070874820213	3.20773445317242	0.0329289713221165	25.4626084494932	20.0786772396692	31.2722866002244
2020.02559790725	3.93560868331867	0.0532034351619546	3.29495915926995	0.0330001358173695	24.2136523115234	18.6782013824552	29.9085369865806
2020.04479762231	3.95526432823384	0.0520508994870148	3.32682002233784	0.0331158430948531	24.3666010646065	18.7610345991039	30.0413105259545
2020.06399733738	3.94131778672689	0.0509911678789205	3.4155050335922	0.0332669334625319	21.0417782444243	15.5390260846991	26.5621084788274
2020.08319705244	3.97436234449837	0.0500278856583821	3.46767406005716	0.0334931080425484	21.1517580639274	15.4409842223902	26.7319896028397
2020.10239676751	4.02708505282426	0.0491807812957365	3.51796036678149	0.0337969866744875	22.3820838238417	16.633270209422	28.3266441942079
2020.12159648257	4.0199084477664	0.0484573449816839	3.65880939121522	0.0341985345462867	16.8695818093364	11.1553064881399	22.9310213376588
2020.14079619764	4.02919880530892	0.0478498913425692	3.69544868383799	0.0346165267478547	15.9384755567233	10.0393942371201	21.9781128399114
2020.15999591271	4.03235940468239	0.0472960764528415	3.80001668182434	0.0351048875444608	11.6845238369654	5.66114621394868	17.8679364945096
2020.17919562777	4.06428289837729	0.0468743217649856	3.8501089985296	0.0356594412403056	11.2137972025666	5.01608969246565	17.6381055717285
2020.19839534284	4.11084491024769	0.0465576908387401	3.85206951892559	0.0362960001158092	13.9060914088649	7.35135451885056	20.3909086263484
2020.2175950579	4.11986111018454	0.0463433570720016	3.89308011438384	0.0370254190695359	12.488778558824	5.98799844284187	19.1940960944259
2020.23679477297	4.15137570927616	0.046294180696172	3.83960782437011	0.037835442246252	16.9872429353829	10.4022556290777	23.8463900652983
2020.25599448803	4.1767962797782	0.0461523095976743	3.80905885934148	0.0386648051906099	20.0296594982177	13.4095918113075	27.0091371317835
2020.2751942031	4.17422305901496	0.0461276012366531	3.84086925531107	0.0395561545534628	18.4199077351314	11.5870025619883	25.4007837280675
2020.29439391817	4.17045418297277	0.0462490946020036	3.85451245193031	0.0405721317058602	17.5506841931333	10.6711888603061	24.6717765873671
2020.31359363323	4.19907570060425	0.0465720463667322	3.86111260280797	0.0417517709230066	19.0892762412156	11.8745457241449	26.3343896777082
2020.3327933483	4.20807002536004	0.0469851858309864	3.89722455866822	0.0430795362174231	17.9343839715977	10.4389077143585	25.3340543099925
2020.35199306336	4.22207483557186	0.0475596950509784	3.87095528360705	0.0445277103857708	20.2018188120711	12.6669101926472	27.8581330240793
2020.37119277843	4.22288285545269	0.048240146438701	3.91995631536086	0.046050131826217	17.8469582984799	10.1500391247193	25.9440632888961
2020.3903924935	4.23284043168159	0.0490123703963895	3.88638657591656	0.0476653183889641	20.1820388693516	12.2162201146823	28.3036252633329
2020.40959220856	4.24189236008663	0.0498629210339713	3.90335927583695	0.0494376952749512	19.9490896223572	11.7438704103448	28.4589102937391
2020.42879192363	4.26106511868919	0.0508067588850541	3.90422197158973	0.0514290085201922	21.2723718573294	12.6051025186178	29.9843428357867
2020.44799163869	4.27955909892128	0.0517775740375361	3.92597777550262	0.0536508837427903	21.5145079173388	12.6192657817463	30.7025357442601
2020.46719135376	4.30111046521537	0.0528041414873732	3.97772150907928	0.0561905162394537	20.3923355131951	10.662607646979	29.9677926311263
2020.48639106882	4.32183642400591	0.0538776377424832	4.00985639480093	0.0590784312722953	20.1545614127457	10.0193488150502	30.5101118255615
2020.50559078389	4.33181082343739	0.0549911261654824	4.00553430242619	0.0625194843322645	21.1576568514534	10.5940283687522	31.8035903281354
2020.52479049896	4.31760476183506	0.0561306870084512	4.00838237715147	0.0668930133962628	19.9252760122513	8.79146369588101	30.7371392160772
2020.54399021402	4.32374941924023	0.0573866171599897	3.99416626327799	0.0727388566555109	21.1653570784752	9.78719005305224	32.9011476776111
2020.56318992909	4.32869109224853	0.0586446752761329	4.05721939642649	0.0808336363737614	17.9863114513644	5.36042216427521	30.779962375634
2020.58238964415	4.35179360933961	0.0600054510192143	4.07478657248471	0.0921151094238487	18.7725748786854	4.62154863541741	32.7696395037668
2020.60158935922	4.37770893970116	0.0615384660220923	4.10417431177742	0.107746243392543	18.9841258306216	2.46413939352557	34.7249490866822
2020.62078907428	4.39117468468684	0.0632390635100012	4.11424422174503	0.128877874179488	19.5078679283505	0.332329237982549	37.3179605331142
2020.63998878935	4.41620597759901	0.0651027337037613	4.12870133966419	0.156559498763356	20.6612989761134	-2.20628404485738	41.8868461243632
2020.65918850442	4.43325237346048	0.0672135364685963	4.15880957039171	0.191290310729281	20.1522037439608	-8.3890000589155	45.3000481513319
2020.67838821948	4.47506874399898	0.0696531212681662	4.16515648304129	0.232779906685856	23.3398894975902	-12.3262717297447	52.1649521710981
2020.69758793455	4.48420743888473	0.0726832697628085	4.19118927654478	0.279705023835385	22.4654839729476	-22.3577408429518	56.6056728838696
2020.71678764961	4.50524566611328	0.0766967972454253	4.18381617012986	0.330077462417471	24.8454051924489	-27.7000933171412	63.7983833396824
2020.73598736468	4.51683908775914	0.08258564443877	4.24405404519456	0.382052274272258	21.8336322418126	-44.2702271290063	68.8894373580661
2020.75518707975	4.52653133933432	0.091389217869978	4.29354053062594	0.433324264982247	19.0331238512834	-64.2274251032988	72.4891305864224
2020.77438679481	4.55056272834915	0.103493121694826	4.27088117796912	0.479492863938292	23.2023846866762	-68.6466611622358	82.0758379741532
2020.79358650988	4.51982774327354	0.117562281117101	4.29190123254233	0.513609581136982	18.4714263132482	-83.9920483616099	82.5058428054786
2020.81278622494	4.56001775461765	0.132905016366374	4.26866204433031	0.52832645404588	23.9044664286025	-82.764805147802	89.9075320826579
2020.83198594001	4.56724524310923	0.151570464352833	4.38608127547391	0.527942330840964	15.8729230685752	-104.976646326618	89.7948543186026
2020.85118565507	4.60249685693452	0.172660495976799	4.43331094873358	0.53108476512807	15.514398320395	-112.441238206625	97.9796879003735
2020.87038537014	4.61739964027907	0.188051784238866	4.44109233929746	0.542891826481126	15.9496649083127	-119.949993042055	101.489822530648
2020.88958508521	4.62947941043952	0.193442736340302	4.4907074731535	0.553148129896169	13.0997551648381	-128.830320727529	105.855579431005
2020.90878480027	4.65925572007137	0.198356758520527	4.50308342560175	0.558069915679549	14.8455840290172	-133.483121658	111.697633625245
2020.92798451534	4.64049546824344	0.220269356209317	4.5945414985959	0.548485422124178	5.08218577584535	-153.808236226403	107.107440842235
2020.9471842304	4.6807905075323	0.293075050142385	4.6185896120122	0.557357948919282	6.39311539882271	-171.361870819288	128.084141759384
2020.96638394547	4.66843962951706	0.318515395814244	4.65004405409262	0.55077384140426	2.03275947561649	-178.40165376254	133.165624315395
2020.98558366053	4.72024230427917	0.328020114820052	4.70367969355857	0.538385199819682	2.1529600760044	-180.478817907821	143.106622311487
2021.0047833756	4.74891972778803	0.318518590925443	4.74918809747273	0.536993142677692	-0.0462904877572257	-192.089905673298	143.931438428051
2021.02398309067	4.78832867525633	0.296867421996403	4.79367575821693	0.524942880427532	-0.834866549924705	-191.744303694733	142.367655369285
2021.04318280573	4.83678624726013	0.269013352435427	4.6666165223387	0.509867021198781	19.2054043521143	-143.618385987949	146.429676836868
2021.0623825208	4.84764339984366	0.241088184284756	4.67579516256255	0.499015113710013	19.8074428603539	-136.321090117962	136.553383738999
2021.08158223586	4.78512054536186	0.21832247905566	4.73242936615657	0.484572327560847	6.2708340115875	-153.366199859324	112.764793727715
2021.10078195093	4.7360830481313	0.205368984640426	4.59545660816685	0.468875674356477	14.3769353180052	-115.757340158933	110.776628223549
2021.119981666	4.72019223136024	0.205455296048829	4.56617802965125	0.456177884311998	15.5684311273414	-107.995613684957	107.283721974516
2021.13918138106	4.73182361264712	0.21704289266335	4.5182645487083	0.444563897980657	21.5086756636593	-95.7277424891626	111.24206086818
2021.15838109613	4.84713467893879	0.23641774391985	4.70124880505489	0.437353369374963	16.9487178620713	-122.343478049654	127.484529167519
2021.17758081119	4.94563891882886	0.258501790252938	4.80277492927263	0.429482721206879	18.6782583463371	-134.527406069199	145.528791123761
2021.19678052626	5.09937104155278	0.281342305472714	4.78437488592497	0.420026208669634	43.0526080317631	-111.558742950191	188.75625508324
2021.21598024132	5.18453712115641	0.306560636890739	4.85144334329123	0.409086998573643	48.2583691137971	-122.218797296475	214.764958478354
2021.23517995639	5.20874786454035	0.323111239584958	4.94928836335435	0.399087915566434	40.3216744367664	-138.220253728557	223.503184473286
2021.25437967146	5.21750219963646	0.335231091844638	4.96629232395135	0.389674959480762	39.9226747273571	-146.001477980467	224.22309098757
2021.27357938652	5.26975915863419	0.345384911206661	4.98075594413509	0.377613396333868	46.5896713859679	-140.900147296724	244.059241117567
2021.29277910159	5.30239415784009	0.346037598138359	5.00419025164974	0.36664581145839	49.8729965991965	-138.362815324087	252.953174393718
2021.31197881665	5.38099472566729	0.340980904075844	5.09067422115668	0.352006457752338	53.4963237997756	-141.030469191666	268.06408553695
2021.33117853172	5.46641805961115	0.330109933814176	5.1196587905368	0.336241016674037	67.2185060073496	-132.949346471692	285.994733228815
2021.35037824678	5.58527331830093	0.314444118727234	5.23170223409842	0.319569692647454	77.7820084297034	-130.837379574763	310.815616247588
2021.36957796185	5.72657229399757	0.294618364438093	5.36211146496513	0.301368000211841	91.3360119943885	-130.072382267249	340.229974219297
2021.38877767692	5.80891143034016	0.270258586971143	5.39714769197434	0.283947003623435	110.63621477842	-112.014371424185	349.588688621414
2021.40797739198	5.9066138997981	0.245489829042845	5.47528445903913	0.265507504190229	126.633793971529	-93.0156320531297	363.755433025783
2021.42717710705	5.99575906305262	0.22577236460436	5.50416721938095	0.24687321823908	154.713504626678	-56.9495478358419	389.770835277615
2021.44637682211	6.0564300182399	0.208686529512718	5.55788902203625	0.228046465722743	166.501829931863	-42.5858190535168	394.123051324922
2021.46557653718	6.11575145863763	0.195107264655659	5.6772314019582	0.209691346826443	158.867183252604	-50.7110838923807	387.43740731913
2021.48477625225	6.15487275740431	0.190594158942143	5.68247694360843	0.195082812104363	175.45447070178	-27.4180357375179	402.871648896715
2021.50397596731	6.20232353342801	0.18927166110937	5.73940529409304	0.184503821421884	181.702274312338	-27.8933629156476	414.280467716036
2021.52317568238	6.20582320946008	0.190000237661271	5.79135283964317	0.174957946855095	166.917511332699	-44.693850661002	400.895119591094
2021.54237539744	6.26306222871589	0.188064762279448	5.77986351763168	0.168839067196482	200.059585301225	-14.2076540462417	438.977696374493
2021.56157511251	6.28920743813596	0.180488506392597	5.87401383804788	0.162909688639157	182.085350488773	-35.1743563073378	418.75201951527
2021.58077482757	6.2881659325214	0.18420286245353	5.90482517722745	0.165219490434933	171.001587856628	-51.2678043789081	416.545868642203
2021.59997454264	6.30716735712232	0.190131370844682	5.83632883118177	0.17290861319599	204.726124555318	-24.7679925155371	455.536431312369
2021.61917425771	6.26462890261102	0.197581309245204	5.87503325464173	0.179683018173413	168.405193704712	-59.0392866702604	429.762198684491
2021.63837397277	6.27250100409302	0.205717157101793	5.78804391676975	0.188759099660064	201.307575814326	-40.3762197122711	465.331723025563
2021.65757368784	6.21361414994031	0.214272970977675	5.78265511600803	0.197970142515329	172.89826867243	-67.2451196984927	441.152219986451
2021.6767734029	6.19829219383596	0.222087613722447	5.71199979342454	0.207038795912793	186.662906070578	-49.1994808248875	464.543564080449
2021.69597311797	6.17646176733278	0.233183370032332	5.68037857837651	0.218740100879439	186.772969148192	-54.6744795718803	474.719613604684
2021.71517283304	6.13546919576151	0.242287217643415	5.74908586841359	0.227801251281257	145.985829565554	-112.077930054251	430.63960185805
2021.7343725481	6.1704193138617	0.246144115202677	5.58829943971439	0.233517215544972	208.2900025828	-53.2911576961	494.810224815592
2021.75357226317	6.12550200772637	0.246259854386552	5.66900725284884	0.23781953475277	165.290566550016	-86.5704375283659	455.341038529289
2021.77277197823	6.09527671760418	0.242609077786002	5.6613213401431	0.24339469978442	154.856976057601	-99.4662435653706	429.535045687375
2021.7919716933	6.04632904718764	0.235025863265343	5.61831811566122	0.249632207239446	145.212947191281	-98.5499320103382	400.202519128011
2021.81117140836	6.00195514293203	0.22392193137545	5.59527413841852	0.251974142301508	133.388208258337	-91.0308355324487	373.38329253903
2021.83037112343	6.00848211797448	0.213687207954027	5.51267611476149	0.252493056042028	156.946140983627	-54.8045219922922	386.89184234429
2021.8495708385	6.00706965763145	0.205423306104469	5.22729434121195	0.25124854149993	217.45305607146	32.0837026755451	420.955787969375
2021.86877055356	5.92293970640024	0.196326171912123	5.23345659250953	0.250059433016049	183.916549882625	12.6684543537557	367.148942714112
2021.88797026863	5.66935103413355	0.18695342800016	5.09629262797331	0.247659977382301	124.945444791374	-11.2442722881938	265.364479369357
2021.90716998369	5.65469158690923	0.177736654878723	4.6074413661737	0.244991453510209	183.92371400496	74.5404620656377	301.368492276035
2021.92636969876	5.38593446476229	0.168896289438781	4.47890552423885	0.241073163485173	129.14305653204	46.4318760150182	218.302524529462
2021.94556941382	5.43335029513005	0.160529588199893	4.27198866687709	0.23478449740416	156.165581758718	79.3054334965626	241.250867342823
2021.96476912889	5.15805808296835	0.15284728789706	4.66935944402241	0.228811665431844	66.6973625595731	-5.92736012816152	140.203181301294
2021.98396884396	5.33340975956582	0.145934175804167	4.41404390804582	0.221836773787288	123.670205107364	54.0233617456944	196.882927587388
2022.00316855902	5.39428738814853	0.139890472698578	4.30920756261385	0.217337817661499	144.600867224983	78.0532810639738	216.54397706171
2022.02236827409	5.52162981878271	0.133879596603494	4.66653765261594	0.212693846521056	142.820721577263	62.0469267459216	225.01372704432
2022.04156798915	5.55684614731413	0.13690030317436	5.0393326556107	0.208494201633013	104.35445668351	7.96404091176038	200.606012667265
2022.06076770422	5.85924311428016	0.147999633742312	4.96683394789403	0.206334996812087	205.53882737464	87.9775240802491	327.395095719389
2022.07996741928	5.98199945186801	0.16468513279542	5.02938816508839	0.204293351945802	241.864173917935	104.063406316373	394.765373611381
2022.09916713435	6.09347462994003	0.17962120763317	5.38444036682519	0.202301495879012	222.519861610329	50.7765136140879	418.232519091722
2022.11836684942	6.2335331908134	0.193682089915823	5.57579309220919	0.198946148631617	244.465236898902	28.9642137997692	480.637015054571
2022.13756656448	6.41867832675324	0.207637282815589	5.79087569558576	0.195056344412677	284.062063056172	12.3215018334073	591.72557864822
2022.15676627955	6.59753355083495	0.215750579880504	5.83151556632888	0.192094389075223	389.408002102878	68.028718697931	756.564476704224
2022.17596599461	6.70468569670394	0.221074900731653	6.03290747376384	0.191084020021736	396.502243259361	21.3330916383825	817.965440906014
2022.19516570968	6.74667075454598	0.223548769603463	6.20507977798543	0.190147617892143	352.390478839627	-45.9300476637852	812.026382597377
2022.21436542475	6.78591161318367	0.223761071367622	6.17218571413897	0.189788516385267	402.950047392235	2.74582397903038	881.033661248146
2022.23356513981	6.79751433731059	0.221753268997903	6.22617391936003	0.187352055515882	387.057704246366	-17.8972164730559	868.223630066334
2022.25276485488	6.78418133755148	0.218747136105902	6.24738645224804	0.183617509311755	364.603582070097	-38.6328568666214	827.348945439923
2022.27196456994	6.76490829420987	0.217117352987127	6.22736746527737	0.180051233188723	358.480679114623	-24.2306628440907	812.805985699787
2022.29116428501	6.68467403714922	0.214231450210927	6.23109236943229	0.175773234869793	289.150853098723	-84.7832309300688	697.024169803729
2022.31036400007	6.62872172756065	0.210057154729588	6.13985150202402	0.170682715386708	289.879793060531	-41.9851176992073	670.823108367732
2022.32956371514	6.50706747732129	0.207996256774321	6.09555723727607	0.16415893561332	224.350626681942	-74.2805180642596	559.766367285714
2022.34876343021	6.44407399582349	0.206398252256538	6.04249091356551	0.160052065661784	207.358938992427	-68.9169219734925	519.602881950286
2022.36796314527	6.38639677153443	0.203935670613877	6.031214226471	0.161145812566455	177.265786209107	-86.1564618013949	468.571530201168
2022.38716286034	6.38562438298188	0.201999527302235	6.02000759454543	0.172656503791255	180.363121275652	-86.1671887051006	476.922818099579
2022.4063625754	6.36576135440157	0.194830349022094	6.07941500047866	0.177629457224792	142.111741673108	-125.562311879698	429.257936233696
2022.42556229047	6.40911584046441	0.184204805287179	6.14219178706246	0.18818283117023	141.657676730412	-142.937820351746	435.252115457746
2022.44476200554	6.43524292696246	0.173252465698553	6.15230576165185	0.200672309333551	152.763517779462	-133.909030904576	447.737272267846
2022.4639617206	6.4569286597513	0.166227281372271	6.19672615137776	0.22001324230761	144.417915013629	-169.490427937176	444.490676351878
2022.48316143567	6.4894702862388	0.15694484022812	6.31056714493081	0.243547051595997	107.256873610576	-248.806160361123	439.266256135863
2022.50236115073	6.55068510669558	0.148288943132556	6.36575691426751	0.275192673790124	116.309027367562	-305.576039648485	477.773664459298
2022.5215608658	6.61210221443133	0.140592134363934	6.45331958158196	0.317217689952533	107.217243212562	-413.85385088322	523.105037729781
2022.54076058086	6.64047938693328	0.130283668237416	6.50253781997579	0.366041266863426	98.1383870781243	-525.506372850881	572.580378878763
2022.55996029593	6.6619438886518	0.126222700057238	6.57138939617663	0.423555297708155	66.211037990632	-732.634824017578	596.610320897962
2022.579160011	6.69299123214583	0.122086491139194	6.59548856771469	0.498787995846706	75.1568668616252	-931.935645799666	676.354856492082
2022.59835972606	6.69313500672471	0.12393776570741	6.61939857986417	0.568010702614331	55.792444612835	-1158.92650762527	742.617306499798
2022.61755944113	6.70608121613854	0.129729236121575	6.63785443810466	0.633215400946329	54.2803360845082	-1404.22517439544	786.071199656993
2022.63675915619	6.72701380264213	0.147805725791781	6.62210919024876	0.68518538369421	81.5975945583752	-1541.31614679203	879.510017073919
2022.65595887126	6.73523238625576	0.191116511156325	6.62869545082159	0.718933027018688	86.557426465725	-1708.16781334018	963.054944089341
2022.67515858632	6.72388913379324	0.270512702195226	6.63511571583994	0.713989269923826	67.7635047514513	-1745.99107723179	1136.42052274203
2022.69435830139	6.73653658839744	0.36859515804843	6.62309199099069	0.677124557784401	88.6514828182765	-1674.63104152411	1325.42409545661
2022.71355801646	6.7312340547243	0.453855331189067	6.63036615500563	0.621298653110891	76.4483473037916	-1566.81385829765	1532.1562070907
2022.73275773152	6.7324039515831	0.563373825345934	6.62470220030958	0.602907950995713	83.3628996642078	-1615.79209674041	1841.73264282076
2022.75195744659	6.73537461725036	0.71955514423409	6.61304389318961	0.560720469290962	91.5412424319297	-1710.62258667018	2381.48074737696
2022.77115716165	6.73434173620706	0.753695859086928	6.59921327927862	0.529558488256712	99.444346805846	-1573.44428852955	2583.86842992379
2022.79035687672	6.74120040391873	0.624552706032583	6.60774726567423	0.445928268198371	103.622454945334	-1237.42677300648	1911.91618035725
2022.80955659178	6.7457162219792	0.407440986491708	6.6150111993124	0.255557954401478	101.012673902401	-654.365018409241	1049.27417938963
2022.82875630685	6.74543368274822	0.143714425154074	6.61773196485734	0.111849137255996	101.532109446857	-181.572396468837	407.428614004475
